772056   330271
491252   769342
928616   913859
442284   157091
604696   592732
972677   712033
871574   976454
887352   366461
209779   247973
243914   264983
868049   855484
133889   104591
322634   749456
984005   542670
976477   809688
456253   333031
180238   809660
213085   250223
601513   616598
856079   586742
751329   156474
905414   468366
539110   461161
193116   495586
508006   802471
662418   645396
373080   830966
926772   844590
556645   937797
950051   363136
130527   916405
402456   905710
331569   163059
955109   235260
602308   106182
549307   998957
332006   964642
969763   716200
278666   579658
595599   328279
402998   949592
395647   220022
101046   662062
185307   128962
193695   218230
626965   292023
931579   282219
878555   900307
972191   626483
523633   771005
379701   330472
295659   311366
122714   607911
294272   640704
944865   192084
462273   897467
419404   742933
841626   968465
514030   831787
567719   132306
914177   540626
695782   501474
456788   694881
228930   564884
161812   422485
191205   326383
544911   134270
606892   204984
473909   138430
598803   319515
704893   863606
334839   910020
407319   550193
203173   371901
281205   941693
246351   622947
250493   329687
610399   818332
530541   551821
156633   826040
771326   201683
181612   626069
365266   525046
453768   655310
250727   205354
199238   135692
232848   270020
327093   158947
669961   393934
303292   842732
372802   604812
148293   280675
577864   971888
954848   576150
263438   527327
712713   977983
930233   685130
774350   471137
302228   536273
761861   897567
814596   733984
974351   253477
928913   628158
435200   508165
606453   848848
291420   743896
992920   231926
898316   747216
800230   913600
957781   585651
198824   111670
382994   118315
419847   499123
502618   419096
194300   445706
406219   429709
249048   720239
825599   284668
890531   141413
120855   877449
674503   503515
426144   355118
985024   543189
593663   149236
569779   226197
715885   929966
723626   810419
218198   790056
669413   854110
527959   314808
967560   928727
499474   237896
584668   368392
938302   932166
338729   584178
994140   856519
154274   890917
703146   222733
103885   246448
583038   743796
127867   318733
676338   441890
512109   923904
613290   268445
136595   545971
624570   627489
782331   144976
527673   732539
767363   818182
379416   725053
947513   636681
332621   124322
204830   840250
269673   513200
992947   418551
587024   939690
296757   280628
890359   220570
911056   767257
521250   868854
182300   971645
673702   624996
572372   191571
568408   499433
396185   259040
625221   880048
241536   294926
660324   939472
596348   940670
656073   918525
902213   653861
299671   175033
477433   511599
865926   781069
976184   498587
502632   724261
216198   106980
596230   113714
411121   148016
727306   380709
639096   928255
545735   640271
528343   553155
305168   218536
240936   546140
589393   816375
229525   875255
946003   612632
455379   998561
621390   391848
708246   298552
709905   910482
869691   499887
328337   627884
410767   637576
844665   276650
838517   441656
892171   214180
261185   118653
931617   335585
751417   597424
828681   913827
173345   150218
878809   594256
616524   103476
950279   901059
106817   503361
223631   327272
934279   272399
630927   162796
537422   878126
531602   760722
933342   514372
952886   417018
538357   827971
507516   745658
224579   713632
893622   279291
321016   896061
543295   818132
581578   695886
954009   877190
654023   768418
745342   823359
406351   770137
514896   399640
243716   923551
625765   825254
495296   844373
754058   566638
259257   464098
937529   712496
267202   150399
396442   382296
111307   387221
145873   781781
128868   825994
710827   672423
937493   942577
686460   625208
167120   955166
954531   647426
894258   431455
175931   624813
507060   932557
993346   339999
287248   130197
827689   573598
174963   691033
410075   625465
192400   146417
449384   369387
311991   869418
374012   421214
109186   759606
510854   263218
686611   842264
463952   927024
759917   452668
589850   313128
787766   702189
625560   290170
720432   547516
603506   827267
840021   239707
209678   517953
541798   225018
617035   652578
577445   234705
374312   440878
213613   831601
269470   501103
343907   724936
964580   631993
411480   896254
812844   482791
922992   297022
388201   249051
222643   537183
720357   248203
848197   874853
609002   672121
184554   155609
234546   294025
521357   435970
894441   856956
521594   483242
842361   326056
675966   146997
556938   388854
308681   660245
133749   444158
775249   703535
532758   215291
672470   906222
782380   634551
312323   931694
613483   243648
906770   876258
134754   913591
189559   494296
310766   198217
646194   565018
800698   933562
615358   505503
874938   372360
209109   148267
112103   153241
647686   483278
606059   714957
364981   154997
469111   402658
436222   382112
718051   335988
484828   566471
937842   230963
881116   580740
900183   261654
861528   532865
725146   558021
918148   330190
552622   302869
286766   478512
160752   863349
176557   933380
418951   249574
183208   609616
602793   494566
797755   247928
669280   234604
135624   563330
518858   574756
830402   912523
638044   828330
322235   538287
764644   587853
858543   594281
749623   983475
696058   798326
616095   536095
296822   666015
688049   879513
692451   330554
876761   889699
660703   402225
127680   302291
384268   965590
910928   850674
112907   820113
411796   834109
276020   798501
288200   904020
669694   916794
115207   931481
215840   724809
762777   709681
204572   315409
411203   142296
575697   556936
500924   619320
614351   310368
130114   692743
299533   169738
429979   120750
395676   505861
201817   989613
598080   847214
692034   120687
860910   399835
762713   735679
310430   389220
588439   789276
498688   626366
713090   739438
672329   626607
384426   900879
587764   910357
521969   954764
629118   127065
932441   343837
988225   781590
268707   361185
513137   645113
212778   188781
816243   918200
143958   544505
478357   716691
335079   421481
679140   905529
454666   530437
895081   394158
907074   733516
866506   256375
253708   793896
399947   270544
224481   534665
833316   697123
873443   953643
838723   743688
966184   454752
223092   511621
825576   303782
439089   551465
199924   467269
128682   609203
460569   532730
898386   498886
104351   513769
286767   746883
378148   765137
140851   899458
945437   954667
675171   325784
278212   131568
384138   814757
669134   218860
453249   195524
964261   992572
872621   571603
720876   109152
731843   113977
919798   732319
252308   151534
224311   123329
836970   921548
208212   692300
918344   105567
508144   386468
391450   549981
806577   429894
965662   376083
784258   287722
214533   895436
767468   104322
247796   154834
728546   534285
315166   200096
505001   127954
158478   549155
449615   498158
856269   267749
931368   108125
488145   415154
192878   835241
949463   682012
459992   588906
216398   858067
209874   321115
803253   123850
722202   283023
712042   559148
954265   583820
201046   851250
863376   996088
148992   880436
486204   852502
815941   717398
232342   360807
337885   573490
344600   373602
694871   740234
426924   146873
167785   343744
282705   104647
197602   821926
203585   802594
501692   880834
860717   492385
947977   373443
207680   203675
294206   413313
730306   964963
673901   225176
376619   110853
293712   324644
457581   224178
789708   768541
784815   379489
870639   538791
543474   415826
430887   388238
637336   793195
164363   421667
312107   878838
628342   391402
975703   381264
888037   374399
457342   389820
493463   725450
744363   595370
167312   279450
604678   574431
366388   154037
387837   314867
649236   777358
184855   484162
102884   441582
157926   613183
540658   944982
249625   892645
361270   156577
963961   792788
277830   858944
332992   262093
628589   289148
900912   394255
366808   252102
126733   944885
398999   694440
264195   727847
959531   582503
239816   887939
279879   971675
207272   866693
353847   911796
419091   330043
910969   634966
272058   322575
828109   994458
366508   527402
467094   715795
744021   487040
478926   593809
526528   389685
491114   573506
539327   858919
444764   658094
459303   299228
116434   120334
735713   164796
917359   796571
942204   797455
454923   692807
606871   542162
700844   555174
291829   125703
103133   888821
521917   800094
450479   507143
929567   626802
130898   560983
340065   886662
401266   691456
287326   421102
171888   349020
352500   277381
409780   219803
874985   658255
919148   452317
401147   572540
844940   923075
821309   610774
924677   704887
987200   610503
522171   228758
928401   274535
721437   849853
748246   718932
571158   144520
882448   878620
728932   705175
504086   519452
785877   673896
387357   670622
431554   145129
475448   863700
694131   120129
402422   381170
888064   437454
396337   932203
547600   239497
322209   425365
228839   939188
977061   422734
334647   577695
850464   916501
169387   955671
398291   697606
565813   460988
996280   500213
201019   249887
961082   115777
939015   602669
245937   395105
965401   174524
981036   353945
773661   694062
836174   788851
935209   929852
871191   726231
623442   433818
866355   555320
502477   993056
592111   491056
680629   109535
881085   539786
149243   705643
995391   791499
827178   577472
122808   115600
618925   370124
721753   633316
499531   692223
422137   426444
924598   895219
280702   590760
453875   321903
346951   782483
241313   548767
612082   343923
325776   211876
643412   972362
814798   979771
731212   452149
278976   995913
641928   147321
144782   581352
803499   324015
888849   779928
859509   599203
324360   394111
421158   578698
262332   134805
301345   263110
668096   320324
630622   869443
326247   816007
272855   999857
358635   848154
959407   892217
149546   899745
510230   157984
592805   344068
617397   625580
470502   914422
993015   537605
607921   380305
677460   145403
336465   878884
557885   994687
335327   566948
603638   789431
877293   671928
734813   223570
998899   798440
987776   816495
479872   766477
596022   803753
263973   354453
628043   249957
611941   587968
517248   165584
318395   914338
483196   391774
328995   615551
198064   194323
610832   346145
705293   139380
354630   834474
627093   131102
620763   211627
572288   119121
799517   476630
658014   507653
512494   134570
256012   814710
728967   174072
193671   211236
380465   736857
377381   985543
374787   494144
341337   734374
226791   118119
129793   217855
561352   203035
142672   319525
280324   327873
278099   774461
142267   869846
822503   443227
449498   225991
443395   262824
775620   513717
522021   883310
210969   549406
781347   361228
740705   951351
211973   946045
523888   127823
310892   375835
570590   224301
318463   203811
771910   316380
254049   196039
853312   910921
166503   425620
462178   821455
224675   299862
597227   912556
449708   409158
274134   204900
710579   288816
822733   371144
707400   536064
187605   665895
758037   844044
647139   121700
392229   997958
642163   234226
800834   567265
116352   300670
864569   397237
552545   400881
618394   863765
274151   586093
401772   867110
577669   950787
670997   526144
401266   133792
608421   751209
387532   953048
247346   419734
760348   238085
933384   106374
633190   662061
805591   601611
320088   436299
239499   275194
651960   871451
154736   592741
411554   264229
318155   173762
858932   656122
949205   807921
363295   277682
442831   393965
905004   998663
324076   319640
103701   274827
711154   954096
590736   505899
181700   772010
806838   360778
920551   738612
748853   656031
264800   763385
158450   750525
337863   567041
114526   397249
973378   123049
345124   284288
663669   149815
598766   367363
603387   913372
291368   610679
604673   786067
864113   329618
825818   971060
271217   274773
140711   614066
625342   929820
989491   431623
434352   628761
631771   803249
155945   855873
790019   780407
124139   522751
492623   659009
168987   253325
743514   985190
632660   109948
404102   101293
819819   349312
287337   584766
137539   763803
771262   922058
666709   755386
997331   518512
696631   206848
550735   670800
536861   775720
325356   935690
925025   468654
814222   914233
769506   106722
967353   498621
343928   891988
571772   726911
579794   994376
346658   345967
460193   134560
478398   724947
121365   678298
676822   355199
245248   488395
121302   616387
854895   127388
434900   907401
282232   555179
723568   192133
608434   785187
648335   500912
518808   834770
688818   240579
595935   659014
584094   266157
863255   590157
888140   209775
224339   567222
888416   986384
181540   865943
926963   771238
385672   376346
598338   310119
983098   165881
399912   112436
390406   248509
731238   111046
146452   923684
320837   638143
672833   665206
795492   379341
227440   834618
795652   153972
412594   346459
260719   805633
774359   249819
855275   937075
536170   367316
560814   630395
696289   198451
291242   909631
867328   423702
521852   511098
101132   485187
487377   387285
452425   979247
934759   397234
880094   586466
725113   690601
440099   474606
954138   705943
305854   617134
676188   881659
665826   328416
297304   617579
697336   132713
204298   765877
246531   924623
116505   833300
581841   547596
827210   534396
365845   958389
985773   474773
916714   409026
114830   171155
300741   341276
872336   271768
466067   281173
665843   252941
722625   153996
697985   120944
872448   933736
439955   299410
285053   234577
324250   962851
952741   233365
781200   722881
643265   433817
838810   371120
132455   572045
229637   110779
629001   906170
800584   516074
947534   439715
334742   965666
730825   485688
643869   322127
483025   794608
490416   551490
343611   933429
622533   304594
975508   147192
703658   387746
586605   995852
324577   496142
791513   657499
225105   192137
988306   649428
357309   164806
102722   733333
552101   641747
737091   190937
185535   743855
679727   220867
808435   906543
235185   334560
299018   533710
247727   478905
285943   807961
892270   734162
455449   827560
142934   819436
504749   262914
389232   219281
492247   192517
903635   882607
535179   134969
684019   413463
495994   764580
980451   221918
484485   124910
806306   865189
659238   493615
359392   320344
849886   871579
740425   421382
709097   184215
526312   347329
997818   588267
751433   674879
762537   855207
327791   559825
588573   120766
984659   266136
266555   945164
402508   772264
914172   744937
632593   322522
418651   523902
891224   595861
453028   741475
515743   521093
679080   909492
876595   703657
507536   443366
129755   454821
306756   381688
324256   845939
205439   166911
414029   989762
181115   689497
449414   330504
292203   776644
163918   821407
606627   448213
233947   205970
183303   123736
192964   614751
545544   127563
704124   413486
678144   705684
777554   691668
554821   620390
644405   663041
615187   499735
257203   940862
381789   914930
262779   412717
752677   656256
578957   184391
493975   577790
179064   650012
516449   897620
731907   754915
587609   944628
244677   735855
434140   602492
314615   582249
267506   435392
623763   320030
379310   830433
157151   863430
777487   480720
210764   847805
908844   166246
414809   885892
212013   318751
277651   230344
741342   626253
263310   494709
920956   817008
332562   710806
937331   378692
629964   970372
640830   625841
277836   895811
555715   678198
728379   572480
950164   772271
407605   305249
653936   500366
729060   706526
901429   934342
940716   295735
273861   699708
562150   560296
508533   180541
540279   643998
244280   355868
